3,2
3,1
3,3
10,87
10,253
10,85
10,221
10,23
10,281
11,23
11,13
11,29
11,21
11,7
8,12
8,10
8,9
8,11
8,2
8,3
29,4
29,3
29,2
29,1
27,3
27,2
27,1
20,3
20,2
20,1
19,3
19,2
19,1
18,3
18,1
14,3
14,1
13,3
13,1
12,3
12,2
12,1
11,28
11,25
11,24
11,22
11,19
11,18
11,16
11,15
11,14
11,11
11,10
11,9
11,8
11,6
11,5
11,4
11,3
11,2
11,1
10,313
10,308
10,305
10,290
10,279
10,274
10,270
10,259
10,250
10,235
10,233
10,231
10,230
10,226
10,218
10,213
10,207
10,204
10,182
10,177
10,168
10,161
2,2
10,150
2,1
10,140
2,3
10,125
10,122
10,102
10,101
10,77
10,33
10,19
10,3
10,2
10,1
9,7
9,6
9,5
